1	8560.935999	18052.57625	864.9681789	-90.14782633	2.686897645	179.8156888
2	8651.113012	18656.99729	858.6327698	-90.18428818	-2.362599613	179.9737384
3	6919.60322	18489.30053	857.2649698	-90.18272567	-3.419568525	-179.9584203
4	4714.718834	18828.63686	851.2502154	-90.21640048	1.863567832	-179.9746236
5	4299.678446	21642.56253	848.3145243	-90.20647794	2.583201531	-179.7734702
6	4314.049556	21695.62356	843.7289285	-90.21285767	-4.337470709	-179.768052
7	6678.571684	22136.39511	851.7012964	-90.26512403	-3.492003909	-179.8214664
8	11643.70889	20163.06447	847.1749337	-90.1941721	7.1903516	179.8441789
9	15342.77881	17402.44486	883.4117459	-90.0653238	59.66793961	-179.9023584
10	523.6660257	21860.19515	844.0931852	-90.24321965	2.630403427	179.8322844
11	-123.9535481	21882.5681	843.6287649	-90.24401476	1.758688582	179.8570694
12	-1957.95473	21914.16722	843.4328417	-90.23422038	-0.34534306	179.7763333
13	-2491.14005	21915.7626	842.8522002	-90.49239313	0.031449143	179.9595056
14	-4641.595954	21910.88483	853.3713253	-90.06439044	0.762732919	-179.7209972
15	-5831.265889	21834.84747	848.2653194	-90.28783049	-0.143005187	179.9528196
16	-5697.84685	20877.67879	858.4551875	-90.20362268	3.306782899	179.7740997
17	-2305.518025	17792.88364	860.3894525	-90.21919655	16.08100489	179.871923
18	-10141.67714	18802.99134	862.5950466	-90.17181853	2.077369779	179.7763612
19	-11664.60565	21555.3565	853.3188605	-90.16390427	-5.037672134	179.9502373
20	-14309.47402	21855.87064	852.9850698	-90.179903	2.828725237	179.8419312
21	-15059.87125	21870.68767	851.9834665	-90.1191305	3.928768646	-179.9939541
22	-15780.7969	19819.65646	858.0823512	-90.16278615	-4.102352295	179.8649266
23	-19953.63267	18074.55919	861.9014816	-90.1984002	1.559123052	179.9528421
24	-20250.43548	22304.08705	852.372553	-90.16130661	-8.855217844	179.8042171
25	-24520.84406	21949.87559	854.9295288	-90.19221288	-3.342913954	-179.8975611
26	-25771.67862	21838.71099	856.0252511	-90.12566683	-3.007517214	179.9021957
27	-26915.23879	18996.4502	861.5024886	-90.16367522	-32.34429388	179.7883204
28	-32638.52142	21919.99813	853.7602716	-90.12047194	6.372322374	-179.7854483
29	-32642.93773	21920.05178	853.7478152	-90.10126534	6.992541403	179.9844045
30	-34333.43035	19907.14959	856.3597586	-90.12656631	-23.4581434	179.9667036
31	-37424.18959	21825.78116	852.303116	-90.14328945	-38.38855363	179.8819838
32	-46531.5239	22138.0689	845.2415353	-90.08881144	-44.06257528	-179.7040081
33	-46653.6365	22123.70404	851.4732754	-90.15851362	-58.19155337	179.6916863
34	-47530.82645	19774.40195	854.8987792	-90.11263909	-79.28291873	179.9493868
35	-48054.5371	15511.56366	859.8623628	-90.3527476	-72.46211946	179.7595792
36	-46813.14901	8331.981387	874.1940631	-90.09642044	-65.99608821	179.9124154
37	-45835.79222	3297.557583	880.761068	-90.17212209	-71.90667815	179.8088867
38	-46997.10642	-1551.480846	886.9515816	90.65729772	-86.38176067	0.527374933
39	-47028.56608	-1663.285003	886.3785559	-89.55950935	-83.75012606	-179.2954068
40	-47427.05879	-3111.766737	887.9810558	-90.36325993	-84.12977701	179.6125121
41	-47895.12479	-5163.827101	892.0205826	-92.75279884	-81.24949313	177.5228668
42	-45395.81965	-5493.813467	890.6726984	90.74214698	-85.64660111	0.874783761
43	-46224.08132	-8645.726548	893.8659308	90.072558	-79.08460222	0.065879317
44	-44467.49399	-13613.39022	895.626163	91.18847015	-88.12296388	1.121596582
45	-47621.62435	-15603.11005	904.5244127	90.35887488	-87.2498757	0.322982954
46	-48223.88821	-23347.64145	874.7083958	90.20547249	-53.10050825	-0.060642807
47	-47864.20719	-26683.37038	858.3702758	90.20874922	-44.80120453	-0.085946654
48	-45474.20421	-27862.84741	862.4872089	90.21389722	-47.62232309	0.042488571
49	-29922.95973	-27236.19263	864.0662947	90.24531977	-11.7419865	-0.095815067
50	-27480.19155	-26785.03957	878.1800954	90.18930978	7.28746976	0.364063776
51	-27832.60757	-29238.51865	888.120509	90.06683843	-22.51959999	-0.179730021
52	-21776.01517	-28967.41586	880.0249681	90.31639393	2.835819805	0.261149257
53	-19990.68115	-30123.97438	880.2916628	90.14385412	0.770158449	0.056212571
54	-13989.29672	-29969.33371	878.5700462	90.13729278	1.413228519	-0.202019822
55	-9725.03414	-27308.4244	886.6461122	90.09713586	3.309056802	0.058392059
56	-6806.402964	-26040.25424	889.9986851	90.11798028	5.739165027	-0.173674965
57	-6268.465126	-28566.31978	884.4958429	90.09715473	2.832519834	-0.137427677
58	-1733.770445	-27975.6293	865.7763071	90.18677335	0.755955241	-0.232950926
59	266.7016075	-27960.4841	862.8006098	90.33953308	1.962016519	0.254363717
60	1753.686653	-27996.3731	860.302334	90.21277749	5.48369181	-0.028026822
61	2799.975738	-26421.63439	865.7641754	90.19483907	5.085154967	-0.096145582
62	-48130.8641	18365.08437	856.4328534	-90.18140556	-66.17611627	179.7106748
63	6383.860302	18054.47608	1779.343965	-90.26360131	5.847324236	-179.6996484
64	4596.88665	17988.91662	1776.854414	-90.22864201	-2.006319526	179.9335641
65	4390.872504	21784.2359	1778.209376	-90.22146689	32.57806537	-179.7532449
66	-514.7335607	19195.9575	1768.882454	-90.35033114	-39.37647574	-179.9109698
67	-2389.861662	18275.50238	1770.030149	-90.26027098	1.972988836	179.9274803
68	-3836.082515	18179.44425	1767.210254	-90.37319706	-6.554580761	-179.9894821
69	-7295.023994	18024.58946	1778.545592	-90.21811935	-2.116597395	179.8159062
70	-9853.041774	17985.68983	1780.472642	-90.20093062	-1.400935623	179.7416687
71	-11660.99737	17952.5916	1779.014845	-90.21610656	-2.072138169	179.8285412
72	-13987.90153	17929.89636	1780.375329	-90.20474358	1.347788479	179.8775708
73	-14841.80276	22228.8097	1769.936582	-90.15535621	6.842281721	179.8153892
74	-11007.31148	21889.95796	1769.937368	-90.1558651	17.57716703	179.8793647
75	-20207.71235	18144.12891	1781.787114	-90.16022097	1.705794365	179.9250578
76	-24327.69858	18240.90979	1784.902676	-90.16079723	3.307709497	-179.9430729
77	-26153.4758	19066.15279	1783.709765	-90.11905278	-2.761395391	179.7645123
78	-27215.92915	21776.61479	1778.995897	-90.11217218	-4.482008863	179.9316596
79	-24144.27871	21695.06016	1777.029213	-90.45896548	-50.64270833	179.8594112
80	-21745.43866	23089.14086	1770.370841	-90.10403252	-10.48784392	-179.880023
81	-32808.21423	20749.79163	1778.843941	-90.09729935	0.198468362	179.9504323
82	-39697.67542	19242.40325	1778.045061	-90.12811161	-51.95412251	-179.998977
83	-41904.94394	21873.48656	1772.625267	-90.17652385	-32.07913564	179.6648317
84	-47595.81619	13764.58259	1781.930737	-90.20796936	-71.1893638	179.8948685
85	-42413.09958	8630.119632	1792.273698	-90.60142151	-84.76929088	179.4642349
86	-44112.05742	6545.21364	1794.714454	90.73982732	-85.80296474	0.66755931
87	-44806.78774	4713.707534	1796.795819	-90.53464728	-86.99777856	179.5270447
88	-46977.6838	4711.678937	1795.811549	-90.87933175	-87.90020599	179.6040104
89	-47744.67291	4462.611548	1797.086643	-90.39665639	-41.15065951	179.9927932
90	-44289.80221	-1331.359242	1804.269061	-90.16736062	-83.07427779	-179.9591971
91	-44334.42478	-1639.026588	1806.322221	86.83909391	-88.22133556	-2.97587482
92	-46812.54409	-6474.38372	1809.556865	90.13718274	-74.55792322	0.126997547
93	-44256.14107	-11100.77896	1820.579267	90.54158686	-85.01535887	0.529822254
94	-47772.63928	-12166.69033	1819.571861	-90.57324819	-87.08678475	179.2877407
95	-45424.00657	-17166.2946	1807.536229	91.57863627	-87.29343056	1.521455274
96	-48114.86923	-26533.71097	1767.193521	90.21813162	-41.72203166	0.041749171
97	-38929.14958	-27928.70985	1805.938165	90.15135486	-42.98627664	0.088136875
98	-31607.65566	-27345.7613	1782.113765	90.21731165	9.711187092	-0.030979159
99	-29961.09795	-27277.60586	1776.927323	90.26318594	-0.425868362	-0.147773415
100	-26222.82518	-26332.54736	1800.111024	90.49258237	4.764741556	0.046612861
101	-23378.91052	-27132.25334	1796.116241	90.18780651	1.209210634	-0.163382548
102	-19711.23399	-30657.06794	1789.604519	90.17936007	-10.76405288	-0.088429793
103	-15198.39957	-26672.70651	1800.81757	90.21617812	7.115847305	0.131960201
104	-9705.014801	-26993.31021	1806.318874	90.14655921	-0.285671767	-0.037659566
105	-3901.855071	-26108.6193	1790.823306	90.17190935	-4.406759134	-0.047530482
106	14380.3717	18041.60117	1875.68556	-89.7201135	53.31527241	-179.8760734
