        6  -47800.1036 15108.2875   399.9998   -90.0000   -64.2772    64.2772 1        0.0        0.0        0.0        0.0        0.0        0.0
       13  -47808.3867  8039.2847   400.0003   -90.0000   -77.1059    77.1059 1        0.0        0.0        0.0        0.0        0.0        0.0
       17  -47813.1202  3999.8552   400.0001    90.0000   -89.9897   -89.9897 1        0.0        0.0        0.0        0.0        0.0        0.0
       18  -47814.3051  2989.9971   399.9999   -90.0000   -87.3787    87.3787 1        0.0        0.0        0.0        0.0        0.0        0.0
       22  -47823.7731 -5088.8628   400.0002    90.0000   -89.9897   -89.9897 1        0.0        0.0        0.0        0.0        0.0        0.0
       24  -47826.1398 -7108.5780   399.9999    90.0000   -89.9897   -89.9897 1        0.0        0.0        0.0        0.0        0.0        0.0
       36  -47845.0747 -23266.2971   400.0000    90.0000   -60.9870   -60.9870 1        0.0        0.0        0.0        0.0        0.0        0.0
       46  -46781.0796 21167.6157   400.0000   -90.0000   -47.4442    47.4442 1        0.0        0.0        0.0        0.0        0.0        0.0
       85  -46836.7070 -26295.6901   399.9996    90.0000   -51.1967   -51.1967 1        0.0        0.0        0.0        0.0        0.0        0.0
      114  -45799.9300 -5088.4996   399.9999    90.0000   -89.9897   -89.9897 1        0.0        0.0        0.0        0.0        0.0        0.0
      117  -45808.2161 -12157.5033   399.9998    90.0000   -89.9897   -89.9897 1        0.0        0.0        0.0        0.0        0.0        0.0
      182  -44817.5990 -30334.7552   399.9998    90.0000   -39.4135   -39.4135 1        0.0        0.0        0.0        0.0        0.0        0.0
      229  -42732.2165 22178.1988   399.9999   -90.0000   -36.7608    36.7608 1        0.0        0.0        0.0        0.0        0.0        0.0
      296  -37672.6146 22179.1078   400.0002   -90.0000   -21.9885    21.9885 1        0.0        0.0        0.0        0.0        0.0        0.0
      302  -37730.6058 -27303.9111   400.0000    90.0000   -24.1691   -24.1691 1        0.0        0.0        0.0        0.0        0.0        0.0
      337  -33626.1153 21169.9755   399.9999   -90.0000    -7.9034     7.9034 1        0.0        0.0        0.0        0.0        0.0        0.0
      346  -32613.0107 22180.0149   400.0002   -90.0000    -3.4678     3.4678 1        0.0        0.0        0.0        0.0        0.0        0.0
      360  -31662.6338 -30332.3948   400.0005    90.0000     1.8208     1.8208 1        0.0        0.0        0.0        0.0        0.0        0.0
      367  -26541.4886 22181.1054   399.9999   -90.0000     0.0671    -0.0671 1        0.0        0.0        0.0        0.0        0.0        0.0
      371  -26546.2217 18141.6759   400.0004   -90.0000     0.0671    -0.0671 1        0.0        0.0        0.0        0.0        0.0        0.0
      376  -26603.0323 -30331.4858   400.0000    90.0000    -2.6919    -2.6919 1        0.0        0.0        0.0        0.0        0.0        0.0
      378  -25530.7510 21171.4289   399.9998   -90.0000     0.0671    -0.0671 1        0.0        0.0        0.0        0.0        0.0        0.0
      410  -22497.3575 19152.2592   399.9999   -90.0000     0.0671    -0.0671 1        0.0        0.0        0.0        0.0        0.0        0.0
      412  -22550.6157 -26291.3289   400.0002    90.0000    -0.0671    -0.0671 1        0.0        0.0        0.0        0.0        0.0        0.0
      417  -21481.8850 22182.0126   400.0000   -90.0000     0.0671    -0.0671 1        0.0        0.0        0.0        0.0        0.0        0.0
      429  -20530.3257 -29320.5381   400.0001    90.0000    -3.0753    -3.0753 1        0.0        0.0        0.0        0.0        0.0        0.0
      431  -16422.2845 22182.9231   400.0001   -90.0000     0.0671    -0.0671 1        0.0        0.0        0.0        0.0        0.0        0.0
      441  -15410.3633 22183.1033   400.0001   -90.0000     0.0671    -0.0671 1        0.0        0.0        0.0        0.0        0.0        0.0
      458  -13448.0660 -30329.1234   400.0002    90.0000    -0.0671    -0.0671 1        0.0        0.0        0.0        0.0        0.0        0.0
      459  -12374.6019 22183.6476   399.9999   -90.0000     0.0671    -0.0671 1        0.0        0.0        0.0        0.0        0.0        0.0
      462  -12378.1525 19154.0767   399.9999   -90.0000     0.0671    -0.0671 1        0.0        0.0        0.0        0.0        0.0        0.0
      484  -9396.8328 -27298.8256   400.0000    90.0000     2.0410     2.0410 1        0.0        0.0        0.0        0.0        0.0        0.0
      486  -6303.0782 22184.7372   399.9998   -90.0000     2.6213    -2.6213 1        0.0        0.0        0.0        0.0        0.0        0.0
      495  -6364.6230 -30327.8521   400.0000    90.0000    -0.0671    -0.0671 1        0.0        0.0        0.0        0.0        0.0        0.0
      496  -5291.1584 22184.9208   400.0002   -90.0000     0.0671    -0.0671 1        0.0        0.0        0.0        0.0        0.0        0.0
      504  -5351.5188 -29317.8134   399.9999    90.0000    -0.0671    -0.0671 1        0.0        0.0        0.0        0.0        0.0        0.0
      510  -4283.9725 18145.6710   399.9998   -90.0000     4.6392    -4.6392 1        0.0        0.0        0.0        0.0        0.0        0.0
      516  -3267.3187 22185.2841   399.9999   -90.0000     0.0671    -0.0671 1        0.0        0.0        0.0        0.0        0.0        0.0
      528  -2257.7642 20165.7495   400.0004   -90.0000     0.0671    -0.0671 1        0.0        0.0        0.0        0.0        0.0        0.0
      542   2746.2115 -27296.6440   399.9999    90.0000    -0.3074    -0.3074 1        0.0        0.0        0.0        0.0        0.0        0.0
      545   2742.6618 -30326.2187   400.0003    90.0000    -0.2592    -0.2592 1        0.0        0.0        0.0        0.0        0.0        0.0
      546   3816.1262 22186.5543   400.0000   -90.0000    -0.3221     0.3221 1        0.0        0.0        0.0        0.0        0.0        0.0
      550   3811.3903 18147.1249   400.0002   -90.0000    -0.4669     0.4669 1        0.0        0.0        0.0        0.0        0.0        0.0
      551   4828.0455 22186.7369   399.9996   -90.0000     2.9837    -2.9837 1        0.0        0.0        0.0        0.0        0.0        0.0
      556   5839.9663 22186.9196   400.0005   -90.0000     0.0671    -0.0671 1        0.0        0.0        0.0        0.0        0.0        0.0
      560   5835.2328 18147.4891   400.0001   -90.0000     0.0671    -0.0671 1        0.0        0.0        0.0        0.0        0.0        0.0
      570   7859.0734 18147.8508   399.9999   -90.0000    -3.1194     3.1194 1        0.0        0.0        0.0        0.0        0.0        0.0
      574   8872.1761 19157.8910   400.0000   -90.0000     1.2833    -1.2833 1        0.0        0.0        0.0        0.0        0.0        0.0
      589  11907.9399 19158.4359   400.0005   -90.0000    15.4904   -15.4904 1        0.0        0.0        0.0        0.0        0.0        0.0
      605  14942.5159 18149.1240   400.0002   -90.0000    30.1565   -30.1565 1        0.0        0.0        0.0        0.0        0.0        0.0
     2625  -47819.0396 -1049.4323   399.9999   -90.0000   -85.6140    85.6140 1        0.0        0.0        0.0        0.0        0.0        0.0
     2633  -47828.5061 -9128.2942   399.9996    90.0000   -81.8665   -81.8665 1        0.0        0.0        0.0        0.0        0.0        0.0
     2884  -30589.1703 22180.3790   399.9999   -90.0000   -36.8868    36.8868 1        0.0        0.0        0.0        0.0        0.0        0.0
     2903  -28565.3299 22180.7410   399.9995   -90.0000   -33.9312    33.9312 1        0.0        0.0        0.0        0.0        0.0        0.0
     2907  -28570.0630 18141.3114   399.9998   -90.0000   -38.5352    38.5352 1        0.0        0.0        0.0        0.0        0.0        0.0
     2908  -28622.1389 -26292.4196   399.9999    90.0000   -38.1032   -38.1032 1        0.0        0.0        0.0        0.0        0.0        0.0
     2940  -19458.0444 22182.3766   399.9997   -90.0000   -17.9083    17.9083 1        0.0        0.0        0.0        0.0        0.0        0.0
     2945  -19519.5887 -30330.2145   399.9996    90.0000   -17.7710   -17.7710 1        0.0        0.0        0.0        0.0        0.0        0.0
     2946  -18446.1246 22182.5570   399.9999   -90.0000   -15.8709    15.8709 1        0.0        0.0        0.0        0.0        0.0        0.0
     2957  -17436.5716 20163.0248   400.0000   -90.0000   -14.9061    14.9061 1        0.0        0.0        0.0        0.0        0.0        0.0
     2966  -14398.4425 22183.2858   400.0000   -90.0000    -7.3472     7.3472 1        0.0        0.0        0.0        0.0        0.0        0.0
     3000  -10350.7603 22184.0118   400.0001   -90.0000     1.5132    -1.5132 1        0.0        0.0        0.0        0.0        0.0        0.0
     3044  -1243.4762 22185.6463   400.0000   -90.0000    20.6033   -20.6033 1        0.0        0.0        0.0        0.0        0.0        0.0
     3048  -1248.2117 18146.2169   399.9999   -90.0000    23.9748   -23.9748 1        0.0        0.0        0.0        0.0        0.0        0.0
     3058   -291.9152 -29316.9062   400.0001    90.0000    22.8964    22.8964 1        0.0        0.0        0.0        0.0        0.0        0.0
     3060    780.3644 22186.0105   400.0002   -90.0000    24.3994   -24.3994 1        0.0        0.0        0.0        0.0        0.0        0.0
     3062    777.9976 20166.2953   400.0002   -90.0000    26.1799   -26.1799 1        0.0        0.0        0.0        0.0        0.0        0.0
     3081   7804.6308 -28305.5939   400.0002    90.0000    37.6383    37.6383 1        0.0        0.0        0.0        0.0        0.0        0.0
     3122  -47796.5521 18137.8595  1599.9999   -90.0000   -56.1423    56.1423 1        0.0        0.0        0.0        0.0        0.0        0.0
     3135  -47811.9374  5009.7111  1600.0000   -90.0000   -88.1362    88.1362 1        0.0        0.0        0.0        0.0        0.0        0.0
     3137  -47814.3051  2989.9969  1599.9998   -90.0000   -87.3787    87.3787 1        0.0        0.0        0.0        0.0        0.0        0.0
     3138  -47820.2215 -2059.2917  1600.0000    90.0000   -89.9897   -89.9897 1        0.0        0.0        0.0        0.0        0.0        0.0
     3146  -47834.4235 -14177.5815  1600.0003    90.0000   -89.9897   -89.9897 1        0.0        0.0        0.0        0.0        0.0        0.0
     3150  -47839.1590 -18217.0120  1599.9995    90.0000   -77.2307   -77.2307 1        0.0        0.0        0.0        0.0        0.0        0.0
     3274  -44777.3599  4000.3988  1600.0000    90.0000   -89.9897   -89.9897 1        0.0        0.0        0.0        0.0        0.0        0.0
     3318  -43763.0714  6020.2966  1600.0001   -90.0000   -82.4296    82.4296 1        0.0        0.0        0.0        0.0        0.0        0.0
     3322  -43772.5394 -2058.5623  1600.0000    90.0000   -89.9897   -89.9897 1        0.0        0.0        0.0        0.0        0.0        0.0
     3326  -43777.2748 -6097.9937  1599.9999    90.0000   -89.9897   -89.9897 1        0.0        0.0        0.0        0.0        0.0        0.0
     3328  -43784.3756 -12157.1394  1599.9996    90.0000   -89.9897   -89.9897 1        0.0        0.0        0.0        0.0        0.0        0.0
     3332  -43789.1096 -16196.5684  1599.9999    90.0000   -82.6291   -82.6291 1        0.0        0.0        0.0        0.0        0.0        0.0
     3348  -42732.2146 22178.1985  1599.9999   -90.0000   -36.7608    36.7608 1        0.0        0.0        0.0        0.0        0.0        0.0
     3361  -42747.6000  9050.0506  1599.9999   -90.0000   -81.3790    81.3790 1        0.0        0.0        0.0        0.0        0.0        0.0
     3387  -40710.7428 20158.8465  1600.0001   -90.0000   -35.2492    35.2492 1        0.0        0.0        0.0        0.0        0.0        0.0
     3424  -37734.1561 -30333.4839  1600.0003    90.0000   -19.8209   -19.8209 1        0.0        0.0        0.0        0.0        0.0        0.0
     3455  -33624.9310 22179.8338  1599.9998   -90.0000    -7.3637     7.3637 1        0.0        0.0        0.0        0.0        0.0        0.0
     3485  -27614.9536 -30331.6677  1600.0001    90.0000    -6.4192    -6.4192 1        0.0        0.0        0.0        0.0        0.0        0.0
     3491  -26598.2979 -26292.0566  1600.0000    90.0000    -3.6188    -3.6188 1        0.0        0.0        0.0        0.0        0.0        0.0
     3516  -23505.7266 22181.6499  1600.0000   -90.0000     0.0671    -0.0671 1        0.0        0.0        0.0        0.0        0.0        0.0
     3525  -23567.2700 -30330.9412  1599.9998    90.0000    -0.0671    -0.0671 1        0.0        0.0        0.0        0.0        0.0        0.0
     3526  -22493.8066 22181.8321  1599.9999   -90.0000     0.0671    -0.0671 1        0.0        0.0        0.0        0.0        0.0        0.0
     3530  -22498.5403 18142.4016  1599.9996   -90.0000     0.0671    -0.0671 1        0.0        0.0        0.0        0.0        0.0        0.0
     3533  -22552.9839 -28311.0444  1599.9999    90.0000    -0.0671    -0.0671 1        0.0        0.0        0.0        0.0        0.0        0.0
     3540  -21486.6198 18142.5822  1599.9999   -90.0000     0.0671    -0.0671 1        0.0        0.0        0.0        0.0        0.0        0.0
     3555  -16479.0930 -26290.2395  1599.9998    90.0000    -0.0671    -0.0671 1        0.0        0.0        0.0        0.0        0.0        0.0
     3558  -16482.6436 -29319.8114  1600.0002    90.0000    -0.0671    -0.0671 1        0.0        0.0        0.0        0.0        0.0        0.0
     3572  -13391.2562 18144.0353  1600.0000   -90.0000     0.0671    -0.0671 1        0.0        0.0        0.0        0.0        0.0        0.0
     3577  -13448.0651 -30329.1237  1600.0000    90.0000    -0.0671    -0.0671 1        0.0        0.0        0.0        0.0        0.0        0.0
     3578  -12374.6019 22183.6493  1599.9998   -90.0000     0.0671    -0.0671 1        0.0        0.0        0.0        0.0        0.0        0.0
     3588  -11362.6812 22183.8295  1599.9999   -90.0000     0.0671    -0.0671 1        0.0        0.0        0.0        0.0        0.0        0.0
     3592  -11367.4146 18144.3995  1599.9999   -90.0000     0.0671    -0.0671 1        0.0        0.0        0.0        0.0        0.0        0.0
     3602  -10412.3047 -30328.5793  1599.9999    90.0000     0.3093     0.3093 1        0.0        0.0        0.0        0.0        0.0        0.0
     3609  -6307.8142 18145.3080  1600.0000   -90.0000     3.5830    -3.5830 1        0.0        0.0        0.0        0.0        0.0        0.0
     3614  -6364.6226 -30327.8524  1600.0001    90.0000    -0.0671    -0.0671 1        0.0        0.0        0.0        0.0        0.0        0.0
     3615  -5291.1584 22184.9205  1600.0002   -90.0000     0.0671    -0.0671 1        0.0        0.0        0.0        0.0        0.0        0.0
     3639  -3272.0518 18145.8533  1600.0000   -90.0000     0.0671    -0.0671 1        0.0        0.0        0.0        0.0        0.0        0.0
     3650  -2314.5742 -28307.4102  1600.0000    90.0000     4.0272     4.0272 1        0.0        0.0        0.0        0.0        0.0        0.0
     3665   3816.1247 22186.5551  1599.9998   -90.0000    -0.3221     0.3221 1        0.0        0.0        0.0        0.0        0.0        0.0
     3669   3811.3907 18147.1246  1600.0002   -90.0000    -0.4669     0.4669 1        0.0        0.0        0.0        0.0        0.0        0.0
     3679   5835.2332 18147.4888  1599.9999   -90.0000     0.0671    -0.0671 1        0.0        0.0        0.0        0.0        0.0        0.0
     5752  -47828.5076 -9128.2935  1599.9999    90.0000   -81.8665   -81.8665 1        0.0        0.0        0.0        0.0        0.0        0.0
     6007  -30645.9791 -26292.7831  1600.0003    90.0000   -41.1677   -41.1677 1        0.0        0.0        0.0        0.0        0.0        0.0
     6016  -29581.9836 18141.1307  1600.0000   -90.0000   -40.1114    40.1114 1        0.0        0.0        0.0        0.0        0.0        0.0
     6027  -28622.1384 -26292.4189  1599.9999    90.0000   -38.1032   -38.1032 1        0.0        0.0        0.0        0.0        0.0        0.0
     6064  -19519.5888 -30330.2148  1599.9994    90.0000   -17.7710   -17.7710 1        0.0        0.0        0.0        0.0        0.0        0.0
     6078  -17438.9389 18143.3108  1600.0000   -90.0000   -16.2103    16.2103 1        0.0        0.0        0.0        0.0        0.0        0.0
     6175   -236.2900 18146.3972  1600.0000   -90.0000    26.1353   -26.1353 1        0.0        0.0        0.0        0.0        0.0        0.0
     6177   -291.9155 -29316.9065  1600.0001    90.0000    22.8964    22.8964 1        0.0        0.0        0.0        0.0        0.0        0.0
     6184   4770.0532 -27296.2819  1600.0002    90.0000    34.0137    34.0137 1        0.0        0.0        0.0        0.0        0.0        0.0
     6208   8814.1842 -30325.1280  1600.0000    90.0000    36.8868    36.8868 1        0.0        0.0        0.0        0.0        0.0        0.0