        1  -50826.3953 23186.6059   399.9998   -90.0000   -53.5265    53.5265 1        0.0        0.0        0.0        0.0        0.0        0.0
       10  -50837.0466 14097.8837   400.0001   -90.0000   -63.5072    63.5072 1        0.0        0.0        0.0        0.0        0.0        0.0
       14  -50841.7804 10058.4572   400.0001   -90.0000   -68.6228    68.6228 1        0.0        0.0        0.0        0.0        0.0        0.0
       16  -50844.1495  8038.7390   400.0004   -90.0000   -71.3272    71.3272 1        0.0        0.0        0.0        0.0        0.0        0.0
       17  -50853.6168   -40.1198   400.0004   -90.0000   -82.9267    82.9267 1        0.0        0.0        0.0        0.0        0.0        0.0
       22  -50859.5355 -5089.4068   400.0001    90.0000   -89.4539   -89.4539 1        0.0        0.0        0.0        0.0        0.0        0.0
       27  -50865.4524 -10138.6938   399.9999    90.0000   -81.8561   -81.8561 1        0.0        0.0        0.0        0.0        0.0        0.0
       35  -49820.3933 18137.4967   400.0004   -90.0000   -58.1138    58.1138 1        0.0        0.0        0.0        0.0        0.0        0.0
       47  -49842.8804 -1049.7966   400.0001   -90.0000   -84.2871    84.2871 1        0.0        0.0        0.0        0.0        0.0        0.0
       51  -49847.6140 -5089.2271   399.9996    90.0000   -89.4392   -89.4392 1        0.0        0.0        0.0        0.0        0.0        0.0
       58  -49865.3663 -20237.0876   400.0004    90.0000   -67.1497   -67.1497 1        0.0        0.0        0.0        0.0        0.0        0.0
       61  -49868.9180 -23266.6609   399.9999    90.0000   -63.2671   -63.2671 1        0.0        0.0        0.0        0.0        0.0        0.0
       82  -48821.4916  7029.2468   400.0004   -90.0000   -71.7972    71.7972 1        0.0        0.0        0.0        0.0        0.0        0.0
      100  -48859.3630 -25286.1955   399.9996    90.0000   -60.1316   -60.1316 1        0.0        0.0        0.0        0.0        0.0        0.0
      128  -47826.1410 -7108.5768   400.0004    90.0000   -86.0843   -86.0843 1        0.0        0.0        0.0        0.0        0.0        0.0
      142  -47850.9932 -28315.5860   399.9995    90.0000   -55.8619   -55.8619 1        0.0        0.0        0.0        0.0        0.0        0.0
      165  -46807.1185 -1049.2515   399.9999   -90.0000   -83.7761    83.7761 1        0.0        0.0        0.0        0.0        0.0        0.0
      173  -46816.5857 -9128.1113   400.0004    90.0000   -82.5746   -82.5746 1        0.0        0.0        0.0        0.0        0.0        0.0
      245  -43742.9529 23187.8723   400.0002   -90.0000   -47.6987    47.6987 1        0.0        0.0        0.0        0.0        0.0        0.0
      248  -43778.4595 -7107.8519   400.0001    90.0000   -85.5716   -85.5716 1        0.0        0.0        0.0        0.0        0.0        0.0
      250  -43780.8245 -9127.5661   400.0001    90.0000   -81.8511   -81.8511 1        0.0        0.0        0.0        0.0        0.0        0.0
      251  -43787.9259 -15186.7108   399.9999    90.0000   -71.2030   -71.2030 1        0.0        0.0        0.0        0.0        0.0        0.0
      289  -40706.0067 24198.2758   400.0002   -90.0000   -43.6984    43.6984 1        0.0        0.0        0.0        0.0        0.0        0.0
      301  -37673.7963 21169.2485   400.0000   -90.0000   -43.5386    43.5386 1        0.0        0.0        0.0        0.0        0.0        0.0
      315  -32608.2767 26219.4441   400.0001   -90.0000   -32.2729    32.2729 1        0.0        0.0        0.0        0.0        0.0        0.0
      331  -31660.2675 -28312.6779   400.0000    90.0000   -38.2569   -38.2569 1        0.0        0.0        0.0        0.0        0.0        0.0
      340  -30645.9786 -26292.7829   400.0001    90.0000   -39.1924   -39.1924 1        0.0        0.0        0.0        0.0        0.0        0.0
      349  -29577.2498 22180.5595   400.0000   -90.0000   -31.5357    31.5357 1        0.0        0.0        0.0        0.0        0.0        0.0
      354  -29637.6114 -29322.1740   400.0002    90.0000   -33.9768   -33.9768 1        0.0        0.0        0.0        0.0        0.0        0.0
      377  -27614.9528 -30331.6682   400.0004    90.0000   -29.6115   -29.6115 1        0.0        0.0        0.0        0.0        0.0        0.0
      379  -26536.7540 26220.5351   400.0001   -90.0000   -23.5242    23.5242 1        0.0        0.0        0.0        0.0        0.0        0.0
      395  -25586.3780 -26291.8748   400.0002    90.0000   -30.1458   -30.1458 1        0.0        0.0        0.0        0.0        0.0        0.0
      400  -25592.2948 -31341.1613   400.0000    90.0000   -25.2101   -25.2101 1        0.0        0.0        0.0        0.0        0.0        0.0
      402  -24518.8306 21171.6106   399.9995   -90.0000   -23.8580    23.8580 1        0.0        0.0        0.0        0.0        0.0        0.0
      405  -24576.8242 -28311.4068   400.0001    90.0000   -26.0218   -26.0218 1        0.0        0.0        0.0        0.0        0.0        0.0
      415  -22550.6167 -26291.3282   400.0000    90.0000   -23.7481   -23.7481 1        0.0        0.0        0.0        0.0        0.0        0.0
      419  -22555.3513 -30330.7586   400.0000    90.0000   -20.3416   -20.3416 1        0.0        0.0        0.0        0.0        0.0        0.0
      431  -19453.3107 26221.8071   400.0001   -90.0000   -11.6641    11.6641 1        0.0        0.0        0.0        0.0        0.0        0.0
      433  -19516.0385 -27300.6416   400.0002    90.0000   -15.9528   -15.9528 1        0.0        0.0        0.0        0.0        0.0        0.0
      437  -19520.7716 -31340.0720   400.0000    90.0000   -13.6387   -13.6387 1        0.0        0.0        0.0        0.0        0.0        0.0
      484  -15468.3555 -27299.9147   400.0000    90.0000    -6.0808    -6.0808 1        0.0        0.0        0.0        0.0        0.0        0.0
      487  -15471.9080 -30329.4875   400.0002    90.0000    -5.3735    -5.3735 1        0.0        0.0        0.0        0.0        0.0        0.0
      489  -14393.7087 26222.7157   400.0001   -90.0000    -2.4601     2.4601 1        0.0        0.0        0.0        0.0        0.0        0.0
      527  -12437.3283 -31338.8014   399.9999    90.0000     1.3489     1.3489 1        0.0        0.0        0.0        0.0        0.0        0.0
      570  -9351.8589 11075.7604   399.9999   -90.0000    13.2172   -13.2172 1        0.0        0.0        0.0        0.0        0.0        0.0
      577  -8325.7364 23194.2323   400.0000   -90.0000     9.6304    -9.6304 1        0.0        0.0        0.0        0.0        0.0        0.0
      585  -8387.2810 -29318.3593   400.0001    90.0000    10.7685    10.7685 1        0.0        0.0        0.0        0.0        0.0        0.0
      588  -7313.8148 23194.4150   399.9999   -90.0000    11.6358   -11.6358 1        0.0        0.0        0.0        0.0        0.0        0.0
      611  -5292.3409 21175.0613   399.9998   -90.0000    16.6998   -16.6998 1        0.0        0.0        0.0        0.0        0.0        0.0
      616  -5350.3350 -28307.9558   400.0002    90.0000    18.1150    18.1150 1        0.0        0.0        0.0        0.0        0.0        0.0
      618  -5352.7014 -30327.6725   399.9998    90.0000    16.7642    16.7642 1        0.0        0.0        0.0        0.0        0.0        0.0
      647  -2316.9410 -30327.1276   399.9998    90.0000    22.7744    22.7744 1        0.0        0.0        0.0        0.0        0.0        0.0
      654  -1302.6530 -28307.2297   400.0000    90.0000    26.5110    26.5110 1        0.0        0.0        0.0        0.0        0.0        0.0
      657  -1306.2048 -31336.8022   400.0002    90.0000    23.8402    23.8402 1        0.0        0.0        0.0        0.0        0.0        0.0
      661   -235.1062 19156.2557   399.9998   -90.0000    28.2401   -28.2401 1        0.0        0.0        0.0        0.0        0.0        0.0
      665   -293.0998 -30326.7623   400.0001    90.0000    26.5149    26.5149 1        0.0        0.0        0.0        0.0        0.0        0.0
      677   1729.5574 -31336.2569   400.0000    90.0000    29.0739    29.0739 1        0.0        0.0        0.0        0.0        0.0        0.0
      678   2804.2051 22186.3726   399.9999   -90.0000    30.5215   -30.5215 1        0.0        0.0        0.0        0.0        0.0        0.0
      679   5835.2304 18147.4884   400.0001   -90.0000    39.5612   -39.5612 1        0.0        0.0        0.0        0.0        0.0        0.0
      680   5783.1570 -26286.2432   399.9998    90.0000    41.1628    41.1628 1        0.0        0.0        0.0        0.0        0.0        0.0
      681   5781.9739 -27296.0986   399.9999    90.0000    39.8656    39.8656 1        0.0        0.0        0.0        0.0        0.0        0.0
      684   6795.0776 -26286.0608   400.0001    90.0000    42.6524    42.6524 1        0.0        0.0        0.0        0.0        0.0        0.0
      687   6791.5289 -29315.6346   400.0001    90.0000    38.9235    38.9235 1        0.0        0.0        0.0        0.0        0.0        0.0
      699   8870.9930 18148.0331   400.0000   -90.0000    43.7953   -43.7953 1        0.0        0.0        0.0        0.0        0.0        0.0
      700   8816.5505 -28305.4127   400.0001    90.0000    42.8635    42.8635 1        0.0        0.0        0.0        0.0        0.0        0.0
      709   9826.1049 -30324.9455   399.9999    90.0000    41.8059    41.8059 1        0.0        0.0        0.0        0.0        0.0        0.0
      715  10838.0255 -30324.7650   399.9996    90.0000    43.0403    43.0403 1        0.0        0.0        0.0        0.0        0.0        0.0
      718  11909.1221 20168.2919   399.9995   -90.0000    45.0868   -45.0868 1        0.0        0.0        0.0        0.0        0.0        0.0
      728  13932.9646 20168.6559   399.9999   -90.0000    47.3162   -47.3162 1        0.0        0.0        0.0        0.0        0.0        0.0
      735  14942.5162 18149.1234   400.0001   -90.0000    50.7548   -50.7548 1        0.0        0.0        0.0        0.0        0.0        0.0
      748  -50840.5991 11068.3121  1599.9996   -90.0000   -67.3063    67.3063 1        0.0        0.0        0.0        0.0        0.0        0.0
      752  -50853.6158   -40.1205  1599.9996   -90.0000   -82.9267    82.9267 1        0.0        0.0        0.0        0.0        0.0        0.0
      755  -50857.1674 -3069.6933  1599.9999   -90.0000   -87.4858    87.4858 1        0.0        0.0        0.0        0.0        0.0        0.0
      756  -50858.3505 -4079.5509  1600.0001   -90.0000   -89.0153    89.0153 1        0.0        0.0        0.0        0.0        0.0        0.0
      757  -50859.5347 -5089.4094  1599.9999    90.0000   -89.4539   -89.4539 1        0.0        0.0        0.0        0.0        0.0        0.0
      759  -50861.9020 -7109.1217  1599.9999    90.0000   -86.3971   -86.3971 1        0.0        0.0        0.0        0.0        0.0        0.0
      762  -50865.4514 -10138.6935  1600.0001    90.0000   -81.8561   -81.8561 1        0.0        0.0        0.0        0.0        0.0        0.0
      768  -49818.0251 20157.2122  1600.0006   -90.0000   -55.8979    55.8979 1        0.0        0.0        0.0        0.0        0.0        0.0
      772  -49822.7607 16117.7818  1600.0006   -90.0000   -60.4412    60.4412 1        0.0        0.0        0.0        0.0        0.0        0.0
      838  -47788.2662 25206.8627  1600.0002   -90.0000   -49.2352    49.2352 1        0.0        0.0        0.0        0.0        0.0        0.0
      877  -47850.9925 -28315.5857  1599.9997    90.0000   -55.8619   -55.8619 1        0.0        0.0        0.0        0.0        0.0        0.0
      900  -46807.1196 -1049.2502  1600.0001   -90.0000   -83.7761    83.7761 1        0.0        0.0        0.0        0.0        0.0        0.0
      961  -44792.7446 -9127.7476  1599.9999    90.0000   -82.1074   -82.1074 1        0.0        0.0        0.0        0.0        0.0        0.0
      985  -43780.8254 -9127.5659  1600.0001    90.0000   -81.8511   -81.8511 1        0.0        0.0        0.0        0.0        0.0        0.0
      986  -43787.9249 -15186.7104  1599.9998    90.0000   -71.2030   -71.2030 1        0.0        0.0        0.0        0.0        0.0        0.0
     1000  -43804.4971 -29324.7150  1600.0000    90.0000   -51.3367   -51.3367 1        0.0        0.0        0.0        0.0        0.0        0.0
     1017  -41716.7443 25207.9545  1599.9996   -90.0000   -43.7443    43.7443 1        0.0        0.0        0.0        0.0        0.0        0.0
     1039  -34632.1174 26219.0835  1599.9998   -90.0000   -34.8731    34.8731 1        0.0        0.0        0.0        0.0        0.0        0.0
     1054  -32669.8203 -26293.1456  1599.9999    90.0000   -42.2771   -42.2771 1        0.0        0.0        0.0        0.0        0.0        0.0
     1068  -31662.6329 -30332.3952  1599.9999    90.0000   -35.9955   -35.9955 1        0.0        0.0        0.0        0.0        0.0        0.0
     1091  -28560.5948 26220.1710  1599.9998   -90.0000   -26.5977    26.5977 1        0.0        0.0        0.0        0.0        0.0        0.0
     1113  -27616.1370 -31341.5245  1600.0000    90.0000   -28.6708   -28.6708 1        0.0        0.0        0.0        0.0        0.0        0.0
     1135  -25592.2944 -31341.1610  1599.9999    90.0000   -25.2101   -25.2101 1        0.0        0.0        0.0        0.0        0.0        0.0
     1136  -24517.6465 22181.4704  1599.9998   -90.0000   -23.0557    23.0557 1        0.0        0.0        0.0        0.0        0.0        0.0
     1149  -23568.4531 -31340.7986  1599.9999    90.0000   -21.5409   -21.5409 1        0.0        0.0        0.0        0.0        0.0        0.0
     1153  -22554.1667 -29320.9007  1600.0001    90.0000   -21.1023   -21.1023 1        0.0        0.0        0.0        0.0        0.0        0.0
     1166  -19453.3107 26221.8084  1600.0000   -90.0000   -11.6641    11.6641 1        0.0        0.0        0.0        0.0        0.0        0.0
     1172  -19520.7717 -31340.0727  1600.0000    90.0000   -13.6387   -13.6387 1        0.0        0.0        0.0        0.0        0.0        0.0
     1176  -18444.9407 23192.4164  1599.9999   -90.0000   -10.9083    10.9083 1        0.0        0.0        0.0        0.0        0.0        0.0
     1209  -16485.0118 -31339.5265  1600.0001    90.0000    -7.3260    -7.3260 1        0.0        0.0        0.0        0.0        0.0        0.0
     1252  -12373.4199 23193.5067  1600.0001   -90.0000     1.4165    -1.4165 1        0.0        0.0        0.0        0.0        0.0        0.0
     1273  -11425.4088 -31338.6184  1600.0000    90.0000     3.5236     3.5236 1        0.0        0.0        0.0        0.0        0.0        0.0
     1333  -7377.7258 -31337.8921  1600.0000    90.0000    12.0624    12.0624 1        0.0        0.0        0.0        0.0        0.0        0.0
     1364  -4341.9655 -31337.3464  1600.0002    90.0000    18.1487    18.1487 1        0.0        0.0        0.0        0.0        0.0        0.0
     1365  -3267.3186 22185.2836  1600.0004   -90.0000    20.0010   -20.0010 1        0.0        0.0        0.0        0.0        0.0        0.0
     1383  -2318.1242 -31336.9837  1600.0001    90.0000    21.9917    21.9917 1        0.0        0.0        0.0        0.0        0.0        0.0
     1392  -1306.2043 -31336.8012  1599.9998    90.0000    23.8402    23.8402 1        0.0        0.0        0.0        0.0        0.0        0.0
     1406    720.0043 -29316.7233  1599.9996    90.0000    29.2752    29.2752 1        0.0        0.0        0.0        0.0        0.0        0.0
     1409   1792.2860 22186.1941  1600.0001   -90.0000    28.8969   -28.8969 1        0.0        0.0        0.0        0.0        0.0        0.0
     1410   1791.0994 21176.3356  1600.0004   -90.0000    29.8312   -29.8312 1        0.0        0.0        0.0        0.0        0.0        0.0
     1412   1729.5576 -31336.2579  1599.9999    90.0000    29.0739    29.0739 1        0.0        0.0        0.0        0.0        0.0        0.0
     1414   5835.2313 18147.4887  1600.0001   -90.0000    39.5612   -39.5612 1        0.0        0.0        0.0        0.0        0.0        0.0
     1415   5783.1572 -26286.2422  1599.9998    90.0000    41.1628    41.1628 1        0.0        0.0        0.0        0.0        0.0        0.0
     1419   6795.0781 -26286.0598  1600.0004    90.0000    42.6524    42.6524 1        0.0        0.0        0.0        0.0        0.0        0.0
     1426   7805.8146 -27295.7368  1599.9997    90.0000    42.7629    42.7629 1        0.0        0.0        0.0        0.0        0.0        0.0
     1429   7802.2635 -30325.3087  1599.9998    90.0000    39.1872    39.1872 1        0.0        0.0        0.0        0.0        0.0        0.0
     1450  10838.0249 -30324.7640  1600.0001    90.0000    43.0403    43.0403 1        0.0        0.0        0.0        0.0        0.0        0.0
     1470  14942.5168 18149.1237  1600.0001   -90.0000    50.7548   -50.7548 1        0.0        0.0        0.0        0.0        0.0        0.0