       12  -50839.4163 12078.1710   400.0002   -90.0000   -74.2392    74.2392 1        0.0        0.0        0.0        0.0        0.0        0.0
       15  -50842.9660  9048.5957   399.9998   -90.0000   -83.0384    83.0384 1        0.0        0.0        0.0        0.0        0.0        0.0
       19  -50847.6975  5009.1673   400.0002    90.0000   -84.8918   -84.8918 1        0.0        0.0        0.0        0.0        0.0        0.0
       27  -50857.1694 -3069.6936   399.9997    90.0000   -63.5599   -63.5599 1        0.0        0.0        0.0        0.0        0.0        0.0
       37  -49818.0246 20157.2135   400.0000   -90.0000   -53.2929    53.2929 1        0.0        0.0        0.0        0.0        0.0        0.0
       59  -49844.0628 -2059.6539   400.0000    90.0000   -63.5660   -63.5660 1        0.0        0.0        0.0        0.0        0.0        0.0
      138  -47800.1043 15108.2892   400.0000   -90.0000   -63.2950    63.2950 1        0.0        0.0        0.0        0.0        0.0        0.0
      201  -46798.8335  6019.7528   400.0004    90.0000   -88.1874   -88.1874 1        0.0        0.0        0.0        0.0        0.0        0.0
      205  -46803.5689  1980.3204   399.9999    90.0000   -72.0560   -72.0560 1        0.0        0.0        0.0        0.0        0.0        0.0
      208  -46807.1195 -1049.2529   399.9998    90.0000   -63.5851   -63.5851 1        0.0        0.0        0.0        0.0        0.0        0.0
      241  -45770.3425 20157.9380   400.0000   -90.0000   -45.2933    45.2933 1        0.0        0.0        0.0        0.0        0.0        0.0
      245  -45801.1161 -6098.3560   400.0000    90.0000   -89.9897   -89.9897 1        0.0        0.0        0.0        0.0        0.0        0.0
      255  -45817.6840 -20236.3622   400.0004    90.0000   -67.6075   -67.6075 1        0.0        0.0        0.0        0.0        0.0        0.0
      277  -44798.6638 -14177.0357   400.0001    90.0000   -89.9897   -89.9897 1        0.0        0.0        0.0        0.0        0.0        0.0
      302  -43784.3753 -12157.1398   400.0001    90.0000   -89.9897   -89.9897 1        0.0        0.0        0.0        0.0        0.0        0.0
      396  -37734.1563 -30333.4838   400.0005    90.0000   -19.8209   -19.8209 1        0.0        0.0        0.0        0.0        0.0        0.0
      402  -36661.8745 21169.4316   399.9999   -90.0000   -19.2196    19.2196 1        0.0        0.0        0.0        0.0        0.0        0.0
      408  -35644.0363 26218.9003   400.0002   -90.0000   -13.1618    13.1618 1        0.0        0.0        0.0        0.0        0.0        0.0
      424  -34638.0344 21169.7953   400.0001   -90.0000   -11.5850    11.5850 1        0.0        0.0        0.0        0.0        0.0        0.0
      463  -30647.1631 -27302.6382   400.0002    90.0000     6.9576     6.9576 1        0.0        0.0        0.0        0.0        0.0        0.0
      466  -29578.4329 21170.7021   400.0000   -90.0000     6.1745    -6.1745 1        0.0        0.0        0.0        0.0        0.0        0.0
      478  -25586.3763 -26291.8750   399.9999    90.0000     1.2029     1.2029 1        0.0        0.0        0.0        0.0        0.0        0.0
      484  -24518.8300 21171.6108   400.0002   -90.0000    22.8116   -22.8116 1        0.0        0.0        0.0        0.0        0.0        0.0
      485  -24574.4570 -26291.6934   400.0000    90.0000     6.2589     6.2589 1        0.0        0.0        0.0        0.0        0.0        0.0
      494  -23506.9106 21171.7926   400.0000   -90.0000    26.6634   -26.6634 1        0.0        0.0        0.0        0.0        0.0        0.0
      507  -22550.6154 -26291.3282   400.0002    90.0000    -0.0671    -0.0671 1        0.0        0.0        0.0        0.0        0.0        0.0
      529  -20465.2314 26221.6263   400.0005   -90.0000    28.0956   -28.0956 1        0.0        0.0        0.0        0.0        0.0        0.0
      533  -20469.9657 22182.1940   400.0000   -90.0000     4.4743    -4.4743 1        0.0        0.0        0.0        0.0        0.0        0.0
      555  -17492.1973 -27300.2782   400.0001    90.0000   -21.3349   -21.3349 1        0.0        0.0        0.0        0.0        0.0        0.0
      562  -16482.6433 -29319.8114   400.0000    90.0000   -15.5826   -15.5826 1        0.0        0.0        0.0        0.0        0.0        0.0
      565  -15415.0970 18143.6733   400.0001   -90.0000    30.7337   -30.7337 1        0.0        0.0        0.0        0.0        0.0        0.0
      598  -11361.4980 23193.6865   400.0001   -90.0000    33.5274   -33.5274 1        0.0        0.0        0.0        0.0        0.0        0.0
      605  -11421.8585 -28309.0457   400.0001    90.0000     0.4015     0.4015 1        0.0        0.0        0.0        0.0        0.0        0.0
      615  -10356.6784 17134.7240   400.0004   -90.0000    49.8432   -49.8432 1        0.0        0.0        0.0        0.0        0.0        0.0
      621  -10363.7792 11075.5790   400.0004   -90.0000    72.6167   -72.6167 1        0.0        0.0        0.0        0.0        0.0        0.0
      637  -9348.3082 14105.3333   400.0004   -90.0000   -57.9646    57.9646 1        0.0        0.0        0.0        0.0        0.0        0.0
      638  -9349.4916 13095.4761   400.0000   -90.0000   -61.9144    61.9144 1        0.0        0.0        0.0        0.0        0.0        0.0
      641  -9353.0427 10065.9033   400.0000   -90.0000     0.0671    -0.0671 1        0.0        0.0        0.0        0.0        0.0        0.0
      668  -7376.5421 -30328.0345   400.0001    90.0000    15.0359    15.0359 1        0.0        0.0        0.0        0.0        0.0        0.0
      693  -4279.2393 22185.1012   400.0001   -90.0000   -21.7853    21.7853 1        0.0        0.0        0.0        0.0        0.0        0.0
      694  -4280.4212 21175.2441   400.0000   -90.0000   -23.2110    23.2110 1        0.0        0.0        0.0        0.0        0.0        0.0
      697  -4283.9723 18145.6718   400.0000   -90.0000   -28.7598    28.7598 1        0.0        0.0        0.0        0.0        0.0        0.0
      711  -2314.5748 -28307.4102   399.9999    90.0000     4.0272     4.0272 1        0.0        0.0        0.0        0.0        0.0        0.0
      719    780.3646 22186.0093   400.0000   -90.0000    -3.4319     3.4319 1        0.0        0.0        0.0        0.0        0.0        0.0
      721   2746.2113 -27296.6443   400.0000    90.0000    -0.5377    -0.5377 1        0.0        0.0        0.0        0.0        0.0        0.0
      726   3816.1250 22186.5541   400.0002   -90.0000    -0.3221     0.3221 1        0.0        0.0        0.0        0.0        0.0        0.0
      730   3811.3905 18147.1246   400.0000   -90.0000    -0.4669     0.4669 1        0.0        0.0        0.0        0.0        0.0        0.0
      748   7861.4404 20167.5663   400.0003   -90.0000    -2.6223     2.6223 1        0.0        0.0        0.0        0.0        0.0        0.0
      758   9885.2810 20167.9296   399.9997   -90.0000     5.6553    -5.6553 1        0.0        0.0        0.0        0.0        0.0        0.0
      773  12921.0433 20168.4744   400.0002   -90.0000    18.4622   -18.4622 1        0.0        0.0        0.0        0.0        0.0        0.0
      785  14942.5164 18149.1243   399.9999   -90.0000    30.1565   -30.1565 1        0.0        0.0        0.0        0.0        0.0        0.0
     3564  -50826.3939 23186.6030  1600.0000   -90.0000   -49.0659    49.0659 1        0.0        0.0        0.0        0.0        0.0        0.0
     3579  -50844.1479  8038.7423  1600.0002   -90.0000   -86.7947    86.7947 1        0.0        0.0        0.0        0.0        0.0        0.0
     3584  -50850.0682  2989.4518  1599.9999    90.0000   -78.6327   -78.6327 1        0.0        0.0        0.0        0.0        0.0        0.0
     3589  -50855.9836 -2059.8368  1599.9999    90.0000   -64.3120   -64.3120 1        0.0        0.0        0.0        0.0        0.0        0.0
     3594  -50861.9010 -7109.1214  1600.0006    90.0000   -89.9897   -89.9897 1        0.0        0.0        0.0        0.0        0.0        0.0
     3605  -49823.9440 15107.9237  1599.9998   -90.0000   -64.5238    64.5238 1        0.0        0.0        0.0        0.0        0.0        0.0
     3628  -49855.8981 -12158.2293  1600.0000    90.0000   -89.9897   -89.9897 1        0.0        0.0        0.0        0.0        0.0        0.0
     3734  -47843.8943 -22256.4416  1600.0003    90.0000   -63.9399   -63.9399 1        0.0        0.0        0.0        0.0        0.0        0.0
     3855  -44815.2336 -28315.0411  1599.9999    90.0000   -43.4141   -43.4141 1        0.0        0.0        0.0        0.0        0.0        0.0
     3884  -43805.6808 -30334.5742  1599.9999    90.0000   -37.0856   -37.0856 1        0.0        0.0        0.0        0.0        0.0        0.0
     3889  -42732.2154 22178.1983  1599.9998   -90.0000   -35.6190    35.6190 1        0.0        0.0        0.0        0.0        0.0        0.0
     3904  -41715.5611 26217.8103  1600.0004   -90.0000   -27.5689    27.5689 1        0.0        0.0        0.0        0.0        0.0        0.0
     4004  -32608.2780 26219.4458  1599.9998   -90.0000    -3.4934     3.4934 1        0.0        0.0        0.0        0.0        0.0        0.0
     4011  -32671.0042 -27303.0046  1599.9998    90.0000    -2.1838    -2.1838 1        0.0        0.0        0.0        0.0        0.0        0.0
     4019  -31662.6331 -30332.3944  1600.0001    90.0000     1.8208     1.8208 1        0.0        0.0        0.0        0.0        0.0        0.0
     4025  -30590.3533 21170.5214  1600.0002   -90.0000     0.6245    -0.6245 1        0.0        0.0        0.0        0.0        0.0        0.0
     4028  -29572.5157 26219.9905  1599.9998   -90.0000     4.1873    -4.1873 1        0.0        0.0        0.0        0.0        0.0        0.0
     4030  -28623.3221 -27302.2762  1600.0004    90.0000     2.4882     2.4882 1        0.0        0.0        0.0        0.0        0.0        0.0
     4036  -26599.4810 -27301.9131  1600.0004    90.0000    -3.3308    -3.3308 1        0.0        0.0        0.0        0.0        0.0        0.0
     4039  -26603.0316 -30331.4854  1599.9999    90.0000    -2.6919    -2.6919 1        0.0        0.0        0.0        0.0        0.0        0.0
     4047  -24518.8294 21171.6105  1600.0001   -90.0000    22.8116   -22.8116 1        0.0        0.0        0.0        0.0        0.0        0.0
     4064  -22489.0726 26221.2636  1600.0001   -90.0000    23.8040   -23.8040 1        0.0        0.0        0.0        0.0        0.0        0.0
     4067  -22492.6219 23191.6885  1600.0000   -90.0000    26.6634   -26.6634 1        0.0        0.0        0.0        0.0        0.0        0.0
     4070  -22550.6170 -26291.3285  1600.0005    90.0000    -0.0671    -0.0671 1        0.0        0.0        0.0        0.0        0.0        0.0
     4074  -22555.3499 -30330.7599  1599.9999    90.0000    -0.0671    -0.0671 1        0.0        0.0        0.0        0.0        0.0        0.0
     4076  -21477.1519 26221.4437  1600.0005   -90.0000    25.5615   -25.5615 1        0.0        0.0        0.0        0.0        0.0        0.0
     4099  -20529.1426 -28310.6815  1600.0001    90.0000     0.3613     0.3613 1        0.0        0.0        0.0        0.0        0.0        0.0
     4107  -19453.3107 26221.8082  1600.0001   -90.0000    30.8482   -30.8482 1        0.0        0.0        0.0        0.0        0.0        0.0
     4112  -19520.7715 -31340.0722  1600.0002    90.0000     2.3820     2.3820 1        0.0        0.0        0.0        0.0        0.0        0.0
     4123  -16480.2776 -27300.0969  1600.0002    90.0000   -18.1497   -18.1497 1        0.0        0.0        0.0        0.0        0.0        0.0
     4128  -15415.0966 18143.6730  1600.0005   -90.0000    30.7337   -30.7337 1        0.0        0.0        0.0        0.0        0.0        0.0
     4145  -13444.5153 -27299.5511  1600.0000    90.0000    -5.9148    -5.9148 1        0.0        0.0        0.0        0.0        0.0        0.0
     4150  -12373.4178 23193.5062  1600.0001   -90.0000    30.8412   -30.8412 1        0.0        0.0        0.0        0.0        0.0        0.0
     4204  -9353.0428 10065.9040  1599.9999   -90.0000     0.0671    -0.0671 1        0.0        0.0        0.0        0.0        0.0        0.0
     4210  -8325.7366 23194.2332  1600.0001   -90.0000   -32.1598    32.1598 1        0.0        0.0        0.0        0.0        0.0        0.0
     4233  -6301.8951 23194.5978  1600.0004   -90.0000   -26.6331    26.6331 1        0.0        0.0        0.0        0.0        0.0        0.0
     4255  -5353.8859 -31337.5299  1600.0002    90.0000    19.2430    19.2430 1        0.0        0.0        0.0        0.0        0.0        0.0
     4256  -4279.2384 22185.1019  1600.0001   -90.0000   -21.7853    21.7853 1        0.0        0.0        0.0        0.0        0.0        0.0
     4276  -2316.9412 -30327.1264  1600.0001    90.0000     3.4934     3.4934 1        0.0        0.0        0.0        0.0        0.0        0.0
     4283   1733.1073 -28306.6841  1600.0001    90.0000    -4.8399    -4.8399 1        0.0        0.0        0.0        0.0        0.0        0.0
     4287   2742.6623 -30326.2174  1600.0004    90.0000    -0.4449    -0.4449 1        0.0        0.0        0.0        0.0        0.0        0.0
     4292   3812.5748 19156.9816  1600.0002   -90.0000    -0.4215     0.4215 1        0.0        0.0        0.0        0.0        0.0        0.0
     4305   6850.7034 21177.2426  1599.9996   -90.0000     0.0671    -0.0671 1        0.0        0.0        0.0        0.0        0.0        0.0
     4344  14947.2511 22188.5520  1599.9999   -90.0000    22.9915   -22.9915 1        0.0        0.0        0.0        0.0        0.0        0.0
     4348  14942.5166 18149.1245  1600.0002   -90.0000    30.1565   -30.1565 1        0.0        0.0        0.0        0.0        0.0        0.0
