        8  -47802.4694 13088.5722   400.0002   -93.1997   -64.9619   131.2974 1        0.0        0.0        0.0        0.0        0.0        0.0
       15  -47810.7554  6019.5704   400.0001   -95.5563   -74.9320   115.9494 1        0.0        0.0        0.0        0.0        0.0        0.0
       16  -47819.0396 -1049.4323   399.9999  -110.5233   -85.7487    83.7430 1        0.0        0.0        0.0        0.0        0.0        0.0
       22  -47826.1398 -7108.5780   399.9999   104.5602   -84.0828   -81.4755 1        0.0        0.0        0.0        0.0        0.0        0.0
       33  -47847.4418 -25286.0121   400.0004    92.4456   -58.6059    67.4413 1        0.0        0.0        0.0        0.0        0.0        0.0
       38  -47853.3604 -30335.3011   400.0002    91.9853   -53.0735     3.5893 1        0.0        0.0        0.0        0.0        0.0        0.0
       44  -46785.8170 17128.1833   399.9998   -92.5751   -59.1469   138.7933 1        0.0        0.0        0.0        0.0        0.0        0.0
      100  -45799.9300 -5088.4996   399.9999   120.8251   -86.9141   -57.6613 1        0.0        0.0        0.0        0.0        0.0        0.0
      105  -45812.9496 -16196.9323   399.9996    94.1957   -69.3212  -155.2886 1        0.0        0.0        0.0        0.0        0.0        0.0
      136  -44774.9912  6020.1152   400.0002   -95.5559   -73.6007   118.0317 1        0.0        0.0        0.0        0.0        0.0        0.0
      151  -44806.9480 -21246.0385   399.9997    93.0024   -61.4771   111.4061 1        0.0        0.0        0.0        0.0        0.0        0.0
      160  -43744.1354 22178.0172   399.9999   -92.0697   -50.8300   148.4541 1        0.0        0.0        0.0        0.0        0.0        0.0
      185  -43780.8254 -9127.5668   400.0002    99.4269   -79.8272   -97.8658 1        0.0        0.0        0.0        0.0        0.0        0.0
      233  -40710.7427 20158.8468   400.0000   -92.2460   -50.2869   148.9671 1        0.0        0.0        0.0        0.0        0.0        0.0
      251  -36722.2372 -30333.3019   400.0002    91.9855   -42.4781   -55.7875 1        0.0        0.0        0.0        0.0        0.0        0.0
      252  -35653.5056 18140.0401   400.0000   -92.4550   -47.2755   152.0650 1        0.0        0.0        0.0        0.0        0.0        0.0
      262  -32613.0107 22180.0149   400.0002   -92.0696   -38.4739   161.0120 1        0.0        0.0        0.0        0.0        0.0        0.0
      269  -31602.2737 21170.3399   399.9999   -92.1541   -38.1759   161.2525 1        0.0        0.0        0.0        0.0        0.0        0.0
      289  -29634.0582 -26292.6012   400.0002    92.3376   -37.4799   -72.2969 1        0.0        0.0        0.0        0.0        0.0        0.0
      293  -29638.7932 -30332.0316   399.9998    91.9855   -33.0853   -82.3356 1        0.0        0.0        0.0        0.0        0.0        0.0
      294  -28565.3299 22180.7410   399.9995   -92.0695   -32.5114   166.5378 1        0.0        0.0        0.0        0.0        0.0        0.0
      298  -28570.0630 18141.3114   399.9998   -92.4548   -37.0951   162.1163 1        0.0        0.0        0.0        0.0        0.0        0.0
      310  -27611.4015 -27302.0951   400.0000    92.2384   -32.9929   -83.1496 1        0.0        0.0        0.0        0.0        0.0        0.0
      312  -26541.4886 22181.1054   399.9999   -92.0695   -29.1913   169.4779 1        0.0        0.0        0.0        0.0        0.0        0.0
      318  -26599.4817 -27301.9135   399.9999    92.2384   -31.2451   -87.0100 1        0.0        0.0        0.0        0.0        0.0        0.0
      323  -25534.3016 18141.8561   400.0001   -92.4548   -31.6413   167.0905 1        0.0        0.0        0.0        0.0        0.0        0.0
      327  -23510.4602 18142.2202   400.0002   -92.4547   -27.6049   170.6015 1        0.0        0.0        0.0        0.0        0.0        0.0
      328  -20529.1418 -28310.6809   399.9999    92.1474   -18.6356  -110.0992 1        0.0        0.0        0.0        0.0        0.0        0.0
      331  -19458.0444 22182.3766   399.9997   -92.0694   -15.8207  -179.6364 1        0.0        0.0        0.0        0.0        0.0        0.0
      336  -19519.5887 -30330.2145   399.9996    91.9857   -15.3336  -115.0867 1        0.0        0.0        0.0        0.0        0.0        0.0
      337  -18446.1246 22182.5570   399.9999   -92.0694   -13.7140  -178.0624 1        0.0        0.0        0.0        0.0        0.0        0.0
      341  -18502.9345 -26290.6025   399.9999    92.3378   -15.5444  -115.2946 1        0.0        0.0        0.0        0.0        0.0        0.0
      346  -17434.2033 22182.7391   399.9998   -92.0694   -11.5689  -176.5009 1        0.0        0.0        0.0        0.0        0.0        0.0
      348  -17436.5716 20163.0248   400.0000   -92.2456   -12.5291  -177.3510 1        0.0        0.0        0.0        0.0        0.0        0.0
      357  -14398.4425 22183.2858   400.0000   -92.0693    -4.9564  -171.9657 1        0.0        0.0        0.0        0.0        0.0        0.0
      358  -14455.2513 -26289.8765   400.0000    92.3378    -5.7368  -129.5489 1        0.0        0.0        0.0        0.0        0.0        0.0
      360  -14457.6201 -28309.5898   400.0000    92.1475    -5.2781  -129.9581 1        0.0        0.0        0.0        0.0        0.0        0.0
      373  -12374.6019 22183.6476   399.9999   -92.0693    -0.4623  -169.1463 1        0.0        0.0        0.0        0.0        0.0        0.0
      389  -11423.0416 -29318.9041   400.0001    92.0635     1.6514  -139.1082 1        0.0        0.0        0.0        0.0        0.0        0.0
      391  -10350.7603 22184.0118   400.0001   -92.0693     4.0373  -166.5689 1        0.0        0.0        0.0        0.0        0.0        0.0
      394  -10354.3109 19154.4395   400.0001   -92.3453     4.5646  -166.6292 1        0.0        0.0        0.0        0.0        0.0        0.0
      395  -10407.5712 -26289.1491   400.0000    92.3379     4.4171  -142.8852 1        0.0        0.0        0.0        0.0        0.0        0.0
      397  -10411.1218 -29318.7220   400.0001    92.0635     3.8927  -141.9811 1        0.0        0.0        0.0        0.0        0.0        0.0
      399  -6307.8136 18145.3088   400.0000   -92.4544    15.1122  -162.1647 1        0.0        0.0        0.0        0.0        0.0        0.0
      400  -5291.1584 22184.9208   400.0002   -92.0692    14.9598  -161.6289 1        0.0        0.0        0.0        0.0        0.0        0.0
      405  -5347.9673 -26288.2401   399.9999    92.3380    16.6676  -157.5909 1        0.0        0.0        0.0        0.0        0.0        0.0
      415  -4339.5986 -29317.6310   399.9998    92.0636    16.8753  -157.6699 1        0.0        0.0        0.0        0.0        0.0        0.0
      417  -3267.3187 22185.2841   399.9999   -92.0692    19.0774  -160.4219 1        0.0        0.0        0.0        0.0        0.0        0.0
      420  -3270.8684 19155.7127   400.0004   -92.3452    21.3949  -160.4335 1        0.0        0.0        0.0        0.0        0.0        0.0
      435  -1243.4762 22185.6463   400.0000   -92.0691    23.0002  -159.7423 1        0.0        0.0        0.0        0.0        0.0        0.0
      437  -1245.8430 20165.9321   400.0000   -92.2453    24.7263  -159.9468 1        0.0        0.0        0.0        0.0        0.0        0.0
      440  -1302.6536 -28307.2297   399.9999    92.1477    23.6629  -165.3347 1        0.0        0.0        0.0        0.0        0.0        0.0
      447   -236.2904 18146.3975   399.9999   -92.4542    28.8046  -160.6512 1        0.0        0.0        0.0        0.0        0.0        0.0
      449   -291.9152 -29316.9062   400.0001    92.0636    24.7135  -166.4443 1        0.0        0.0        0.0        0.0        0.0        0.0
      451    780.3644 22186.0105   400.0002   -92.0691    26.7078  -159.6442 1        0.0        0.0        0.0        0.0        0.0        0.0
      453    777.9976 20166.2953   400.0002   -92.2453    28.6272  -160.2044 1        0.0        0.0        0.0        0.0        0.0        0.0
      455   1792.2856 22186.1912   399.9999   -92.0691    28.4770  -159.8298 1        0.0        0.0        0.0        0.0        0.0        0.0
      456   4770.0528 -27296.2815   400.0002    92.2389    35.4565  -177.7324 1        0.0        0.0        0.0        0.0        0.0        0.0
      457   5835.2328 18147.4891   400.0001   -92.4541    39.6805  -167.6030 1        0.0        0.0        0.0        0.0        0.0        0.0
      461   6849.5209 20167.3850   399.9999   -92.2452    38.7229  -165.9558 1        0.0        0.0        0.0        0.0        0.0        0.0
      471   7859.0734 18147.8508   399.9999   -92.4541    42.7037  -172.2495 1        0.0        0.0        0.0        0.0        0.0        0.0
      472   7804.6308 -28305.5939   400.0002    92.1478    38.8542   178.9328 1        0.0        0.0        0.0        0.0        0.0        0.0
      478   8872.1761 19157.8910   400.0000   -92.3450    42.8149  -172.1742 1        0.0        0.0        0.0        0.0        0.0        0.0
      493  11909.1213 20168.2935   400.0002   -92.2451    45.4294  -177.6083 1        0.0        0.0        0.0        0.0        0.0        0.0
      510  14942.5159 18149.1240   400.0002   -92.4539    51.3236   160.3921 1        0.0        0.0        0.0        0.0        0.0        0.0
      517  -47801.2856 14098.4301  1600.0002   -89.1198   -63.6737   134.5986 1        0.0        0.0        0.0        0.0        0.0        0.0
      525  -47810.7545  6019.5702  1600.0000   -88.3755   -74.9938   119.5955 1        0.0        0.0        0.0        0.0        0.0        0.0
      529  -47822.5893 -4079.0059  1599.9999    63.6797   -89.0184  -117.4266 1        0.0        0.0        0.0        0.0        0.0        0.0
      533  -47827.3228 -8118.4354  1600.0002    86.6205   -82.6576  -111.2486 1        0.0        0.0        0.0        0.0        0.0        0.0
      545  -47849.8105 -27305.7278  1600.0000    89.3472   -56.3241    42.5856 1        0.0        0.0        0.0        0.0        0.0        0.0
      574  -46816.5864 -9128.1119  1600.0000    87.2292   -80.8141  -116.4889 1        0.0        0.0        0.0        0.0        0.0        0.0
      606  -45795.1981 -1049.0694  1600.0000   -83.7726   -85.7532   105.7446 1        0.0        0.0        0.0        0.0        0.0        0.0
      615  -45812.9492 -16196.9330  1599.9999    88.7748   -69.3676  -172.2945 1        0.0        0.0        0.0        0.0        0.0        0.0
      617  -45815.3188 -18216.6471  1599.9999    88.9433   -66.4184   162.2674 1        0.0        0.0        0.0        0.0        0.0        0.0
      633  -44759.6068 19148.2634  1600.0003   -89.3157   -55.1658   144.7221 1        0.0        0.0        0.0        0.0        0.0        0.0
      647  -44776.1770  5010.2569  1599.9999   -88.1836   -75.3146   119.2219 1        0.0        0.0        0.0        0.0        0.0        0.0
      687  -43764.2553  5010.4395  1600.0000   -88.1837   -74.8653   119.8800 1        0.0        0.0        0.0        0.0        0.0        0.0
      688  -43772.5394 -2058.5623  1600.0000   -79.5791   -87.2872   106.7755 1        0.0        0.0        0.0        0.0        0.0        0.0
      690  -43774.9081 -4078.2785  1600.0004    63.6494   -88.8939  -117.8832 1        0.0        0.0        0.0        0.0        0.0        0.0
      691  -43776.0895 -5088.1366  1600.0000    80.1293   -87.1382  -105.7386 1        0.0        0.0        0.0        0.0        0.0        0.0
      710  -42732.2146 22178.1985  1599.9999   -89.3964   -49.9299   150.5312 1        0.0        0.0        0.0        0.0        0.0        0.0
      723  -42747.6000  9050.0506  1599.9999   -88.7667   -67.6321   129.6421 1        0.0        0.0        0.0        0.0        0.0        0.0
      740  -41778.2888 -27304.6370  1600.0001    89.3472   -51.2392    -2.8858 1        0.0        0.0        0.0        0.0        0.0        0.0
      770  -33685.2905 -29322.9012  1599.9997    89.3983   -39.8373   -57.3992 1        0.0        0.0        0.0        0.0        0.0        0.0
      772  -32613.0102 22180.0146  1600.0001   -89.3964   -38.4906   162.3505 1        0.0        0.0        0.0        0.0        0.0        0.0
      798  -29581.9836 18141.1307  1600.0000   -89.2839   -38.7815   162.1205 1        0.0        0.0        0.0        0.0        0.0        0.0
      809  -28622.1384 -26292.4189  1599.9999    89.3182   -35.8633   -68.9582 1        0.0        0.0        0.0        0.0        0.0        0.0
      828  -26599.4818 -27301.9128  1600.0005    89.3471   -31.2628   -80.5178 1        0.0        0.0        0.0        0.0        0.0        0.0
      837  -23510.4606 18142.2198  1600.0001   -89.2840   -27.6247   172.6239 1        0.0        0.0        0.0        0.0        0.0        0.0
      838  -20529.1409 -28310.6812  1600.0001    89.3737   -18.6468  -105.5684 1        0.0        0.0        0.0        0.0        0.0        0.0
      841  -19458.0450 22182.3763  1599.9998   -89.3965   -15.8297  -177.4123 1        0.0        0.0        0.0        0.0        0.0        0.0
      847  -18446.1237 22182.5587  1600.0000   -89.3965   -13.7219  -175.7341 1        0.0        0.0        0.0        0.0        0.0        0.0
      850  -18449.6743 19152.9858  1599.9999   -89.3159   -15.4796  -177.0629 1        0.0        0.0        0.0        0.0        0.0        0.0
      860  -17438.9389 18143.3108  1600.0000   -89.2840   -13.6696  -175.5938 1        0.0        0.0        0.0        0.0        0.0        0.0
      861  -17491.0138 -26290.4216  1599.9999    89.3181   -13.1656  -114.6406 1        0.0        0.0        0.0        0.0        0.0        0.0
      873  -13386.5217 22183.4677  1600.0001   -89.3965    -2.7151  -167.5975 1        0.0        0.0        0.0        0.0        0.0        0.0
      877  -13391.2562 18144.0353  1600.0000   -89.2840    -3.2325  -167.8307 1        0.0        0.0        0.0        0.0        0.0        0.0
      909  -6307.8142 18145.3080  1600.0000   -89.2841    15.1243  -157.2166 1        0.0        0.0        0.0        0.0        0.0        0.0
      911  -5292.3423 21175.0625  1599.9999   -89.3718    15.5484  -157.1785 1        0.0        0.0        0.0        0.0        0.0        0.0
      931  -3272.0518 18145.8533  1600.0000   -89.2841    22.3084  -154.7962 1        0.0        0.0        0.0        0.0        0.0        0.0
      932  -3324.1265 -26287.8780  1600.0002    89.3180    21.2341  -161.3066 1        0.0        0.0        0.0        0.0        0.0        0.0
      957   -236.2900 18146.3972  1600.0000   -89.2841    28.8249  -154.1382 1        0.0        0.0        0.0        0.0        0.0        0.0
      965   1792.2861 22186.1918  1600.0000   -89.3966    28.4913  -154.3604 1        0.0        0.0        0.0        0.0        0.0        0.0
      967   5835.2332 18147.4888  1599.9999   -89.2841    39.7041  -159.4484 1        0.0        0.0        0.0        0.0        0.0        0.0
      987   8873.3619 20167.7488  1600.0005   -89.3452    41.5971  -162.0289 1        0.0        0.0        0.0        0.0        0.0        0.0
      990   8814.1842 -30325.1280  1600.0000    89.4208    38.0618  -179.6222 1        0.0        0.0        0.0        0.0        0.0        0.0
     1008  12921.0433 20168.4743  1599.9997   -89.3452    46.6279  -172.4945 1        0.0        0.0        0.0        0.0        0.0        0.0