        3  -47796.5520 18137.8598   400.0001   -90.0000   -56.1423    56.1423 1        0.0        0.0        0.0        0.0        0.0        0.0
        6  -47800.1036 15108.2875   399.9998   -90.0000   -64.2772    64.2772 1        0.0        0.0        0.0        0.0        0.0        0.0
       19  -47820.2224 -2059.2904   400.0000    90.0000   -89.9897   -89.9897 1        0.0        0.0        0.0        0.0        0.0        0.0
       20  -47821.4063 -3069.1476   400.0002    90.0000   -89.9897   -89.9897 1        0.0        0.0        0.0        0.0        0.0        0.0
       24  -47826.1398 -7108.5780   399.9999    90.0000   -89.9897   -89.9897 1        0.0        0.0        0.0        0.0        0.0        0.0
       29  -47836.7924 -16197.2960   400.0003    90.0000   -84.5522   -84.5522 1        0.0        0.0        0.0        0.0        0.0        0.0
       37  -47846.2602 -24276.1566   400.0002    90.0000   -58.1940   -58.1940 1        0.0        0.0        0.0        0.0        0.0        0.0
       45  -46779.8977 22177.4728   400.0000   -90.0000   -45.4190    45.4190 1        0.0        0.0        0.0        0.0        0.0        0.0
       46  -46781.0796 21167.6157   400.0000   -90.0000   -47.4442    47.4442 1        0.0        0.0        0.0        0.0        0.0        0.0
       59  -46796.4669  8039.4663   399.9997   -90.0000   -76.2335    76.2335 1        0.0        0.0        0.0        0.0        0.0        0.0
       65  -46808.3007 -2059.1088   399.9999    90.0000   -89.9897   -89.9897 1        0.0        0.0        0.0        0.0        0.0        0.0
       86  -46837.8895 -27305.5460   399.9999    90.0000   -48.8382   -48.8382 1        0.0        0.0        0.0        0.0        0.0        0.0
      110  -45790.4645  2990.3594   399.9996   -90.0000   -86.9807    86.9807 1        0.0        0.0        0.0        0.0        0.0        0.0
      117  -45808.2161 -12157.5033   399.9998    90.0000   -89.9897   -89.9897 1        0.0        0.0        0.0        0.0        0.0        0.0
      161  -44789.1946 -6098.1751   400.0002    90.0000   -89.9897   -89.9897 1        0.0        0.0        0.0        0.0        0.0        0.0
      210  -43785.5594 -13166.9963   400.0001    90.0000   -89.9897   -89.9897 1        0.0        0.0        0.0        0.0        0.0        0.0
      286  -38684.5334 22178.9258   400.0000   -90.0000   -25.2878    25.2878 1        0.0        0.0        0.0        0.0        0.0        0.0
      296  -37672.6146 22179.1078   400.0002   -90.0000   -21.9885    21.9885 1        0.0        0.0        0.0        0.0        0.0        0.0
      303  -37731.7883 -28313.7693   400.0000    90.0000   -22.5318   -22.5318 1        0.0        0.0        0.0        0.0        0.0        0.0
      336  -33624.9324 22179.8343   399.9998   -90.0000    -7.3637     7.3637 1        0.0        0.0        0.0        0.0        0.0        0.0
      346  -32613.0107 22180.0149   400.0002   -90.0000    -3.4678     3.4678 1        0.0        0.0        0.0        0.0        0.0        0.0
      363  -28623.3228 -27302.2757   399.9996    90.0000     2.4882     2.4882 1        0.0        0.0        0.0        0.0        0.0        0.0
      367  -26541.4886 22181.1054   399.9999   -90.0000     0.0671    -0.0671 1        0.0        0.0        0.0        0.0        0.0        0.0
      371  -26546.2217 18141.6759   400.0004   -90.0000     0.0671    -0.0671 1        0.0        0.0        0.0        0.0        0.0        0.0
      372  -26598.2983 -26292.0563   399.9998    90.0000    -3.6188    -3.6188 1        0.0        0.0        0.0        0.0        0.0        0.0
      376  -26603.0323 -30331.4858   400.0000    90.0000    -2.6919    -2.6919 1        0.0        0.0        0.0        0.0        0.0        0.0
      378  -25530.7510 21171.4289   399.9998   -90.0000     0.0671    -0.0671 1        0.0        0.0        0.0        0.0        0.0        0.0
      387  -24517.6473 22181.4679   400.0002   -90.0000     0.0671    -0.0671 1        0.0        0.0        0.0        0.0        0.0        0.0
      417  -21481.8850 22182.0126   400.0000   -90.0000     0.0671    -0.0671 1        0.0        0.0        0.0        0.0        0.0        0.0
      421  -21486.6194 18142.5825   400.0000   -90.0000     0.0671    -0.0671 1        0.0        0.0        0.0        0.0        0.0        0.0
      429  -20530.3257 -29320.5381   400.0001    90.0000    -3.0753    -3.0753 1        0.0        0.0        0.0        0.0        0.0        0.0
      430  -18507.6680 -30330.0339   400.0000    90.0000     3.6803     3.6803 1        0.0        0.0        0.0        0.0        0.0        0.0
      431  -16422.2845 22182.9231   400.0001   -90.0000     0.0671    -0.0671 1        0.0        0.0        0.0        0.0        0.0        0.0
      434  -16425.8327 19153.3486   399.9999   -90.0000     0.0671    -0.0671 1        0.0        0.0        0.0        0.0        0.0        0.0
      441  -15410.3633 22183.1033   400.0001   -90.0000     0.0671    -0.0671 1        0.0        0.0        0.0        0.0        0.0        0.0
      458  -13448.0660 -30329.1234   400.0002    90.0000    -0.0671    -0.0671 1        0.0        0.0        0.0        0.0        0.0        0.0
      459  -12374.6019 22183.6476   399.9999   -90.0000     0.0671    -0.0671 1        0.0        0.0        0.0        0.0        0.0        0.0
      472  -11366.2327 19154.2574   400.0004   -90.0000     0.0671    -0.0671 1        0.0        0.0        0.0        0.0        0.0        0.0
      480  -10408.7531 -27299.0077   400.0000    90.0000     0.4015     0.4015 1        0.0        0.0        0.0        0.0        0.0        0.0
      484  -9396.8328 -27298.8256   400.0000    90.0000     2.0410     2.0410 1        0.0        0.0        0.0        0.0        0.0        0.0
      486  -6303.0782 22184.7372   399.9998   -90.0000     2.6213    -2.6213 1        0.0        0.0        0.0        0.0        0.0        0.0
      487  -6304.2630 21174.8806   400.0002   -90.0000     2.8089    -2.8089 1        0.0        0.0        0.0        0.0        0.0        0.0
      488  -6305.4469 20165.0240   400.0002   -90.0000     3.0261    -3.0261 1        0.0        0.0        0.0        0.0        0.0        0.0
      491  -6359.8885 -26288.4224   399.9998    90.0000    -0.0671    -0.0671 1        0.0        0.0        0.0        0.0        0.0        0.0
      494  -6363.4391 -29317.9952   400.0000    90.0000    -0.0671    -0.0671 1        0.0        0.0        0.0        0.0        0.0        0.0
      496  -5291.1584 22184.9208   400.0002   -90.0000     0.0671    -0.0671 1        0.0        0.0        0.0        0.0        0.0        0.0
      516  -3267.3187 22185.2841   399.9999   -90.0000     0.0671    -0.0671 1        0.0        0.0        0.0        0.0        0.0        0.0
      526  -2255.3979 22185.4657   400.0002   -90.0000     0.0671    -0.0671 1        0.0        0.0        0.0        0.0        0.0        0.0
      530  -2260.1310 18146.0342   399.9999   -90.0000     0.0671    -0.0671 1        0.0        0.0        0.0        0.0        0.0        0.0
      534  -1302.6536 -28307.2297   399.9999    90.0000    -0.0671    -0.0671 1        0.0        0.0        0.0        0.0        0.0        0.0
      537   -231.5569 22185.8289   399.9999   -90.0000     2.7988    -2.7988 1        0.0        0.0        0.0        0.0        0.0        0.0
      539   1733.1079 -28306.6854   400.0000    90.0000    -4.7115    -4.7115 1        0.0        0.0        0.0        0.0        0.0        0.0
      542   2746.2115 -27296.6440   399.9999    90.0000    -0.3074    -0.3074 1        0.0        0.0        0.0        0.0        0.0        0.0
      543   2745.0280 -28306.5032   400.0001    90.0000    -0.2888    -0.2888 1        0.0        0.0        0.0        0.0        0.0        0.0
      546   3816.1262 22186.5543   400.0000   -90.0000    -0.3221     0.3221 1        0.0        0.0        0.0        0.0        0.0        0.0
      549   3812.5761 19156.9830   400.0000   -90.0000    -0.4215     0.4215 1        0.0        0.0        0.0        0.0        0.0        0.0
      551   4828.0455 22186.7369   399.9996   -90.0000     2.9837    -2.9837 1        0.0        0.0        0.0        0.0        0.0        0.0
      560   5835.2328 18147.4891   400.0001   -90.0000     0.0671    -0.0671 1        0.0        0.0        0.0        0.0        0.0        0.0
      561   6851.8876 22187.1012   400.0001   -90.0000     0.0671    -0.0671 1        0.0        0.0        0.0        0.0        0.0        0.0
      570   7859.0734 18147.8508   399.9999   -90.0000    -3.1194     3.1194 1        0.0        0.0        0.0        0.0        0.0        0.0
      574   8872.1761 19157.8910   400.0000   -90.0000     1.2833    -1.2833 1        0.0        0.0        0.0        0.0        0.0        0.0
      588  11909.1213 20168.2935   400.0002   -90.0000    14.3370   -14.3370 1        0.0        0.0        0.0        0.0        0.0        0.0
      605  14942.5159 18149.1240   400.0002   -90.0000    30.1565   -30.1565 1        0.0        0.0        0.0        0.0        0.0        0.0
     2617  -47802.4685 13088.5710  1600.0000   -90.0000   -70.4191    70.4191 1        0.0        0.0        0.0        0.0        0.0        0.0
     2625  -47811.9374  5009.7111  1600.0000   -90.0000   -88.1362    88.1362 1        0.0        0.0        0.0        0.0        0.0        0.0
     2635  -47833.2421 -13167.7230  1600.0002    90.0000   -89.9897   -89.9897 1        0.0        0.0        0.0        0.0        0.0        0.0
     2649  -47849.8105 -27305.7278  1600.0000    90.0000   -50.7578   -50.7578 1        0.0        0.0        0.0        0.0        0.0        0.0
     2672  -46801.2005  4000.0366  1599.9998    90.0000   -89.9897   -89.9897 1        0.0        0.0        0.0        0.0        0.0        0.0
     2679  -46814.2201 -7108.3967  1599.9999    90.0000   -89.9897   -89.9897 1        0.0        0.0        0.0        0.0        0.0        0.0
     2764  -44777.3599  4000.3988  1600.0000    90.0000   -89.9897   -89.9897 1        0.0        0.0        0.0        0.0        0.0        0.0
     2777  -44802.2140 -17206.6088  1599.9998    90.0000   -78.6602   -78.6602 1        0.0        0.0        0.0        0.0        0.0        0.0
     2808  -43763.0714  6020.2966  1600.0001   -90.0000   -82.4296    82.4296 1        0.0        0.0        0.0        0.0        0.0        0.0
     2812  -43772.5394 -2058.5623  1600.0000    90.0000   -89.9897   -89.9897 1        0.0        0.0        0.0        0.0        0.0        0.0
     2815  -43776.0895 -5088.1366  1600.0000    90.0000   -89.9897   -89.9897 1        0.0        0.0        0.0        0.0        0.0        0.0
     2818  -43784.3756 -12157.1394  1599.9996    90.0000   -89.9897   -89.9897 1        0.0        0.0        0.0        0.0        0.0        0.0
     2838  -42732.2146 22178.1985  1599.9999   -90.0000   -36.7608    36.7608 1        0.0        0.0        0.0        0.0        0.0        0.0
     2851  -42747.6000  9050.0506  1599.9999   -90.0000   -81.3790    81.3790 1        0.0        0.0        0.0        0.0        0.0        0.0
     2888  -39700.0058 19149.1695  1599.9999   -90.0000   -34.2681    34.2681 1        0.0        0.0        0.0        0.0        0.0        0.0
     2913  -37732.9742 -29323.6272  1599.9996    90.0000   -21.0932   -21.0932 1        0.0        0.0        0.0        0.0        0.0        0.0
     2956  -32614.1956 21170.1568  1599.9999   -90.0000    -3.7270     3.7270 1        0.0        0.0        0.0        0.0        0.0        0.0
     2970  -30647.1629 -27302.6382  1600.0001    90.0000     6.9576     6.9576 1        0.0        0.0        0.0        0.0        0.0        0.0
     2972  -28623.3223 -27302.2760  1600.0004    90.0000     2.4882     2.4882 1        0.0        0.0        0.0        0.0        0.0        0.0
     2976  -26541.4890 22181.1051  1600.0000   -90.0000     0.0671    -0.0671 1        0.0        0.0        0.0        0.0        0.0        0.0
     2979  -26545.0386 19151.5323  1599.9998   -90.0000     0.0671    -0.0671 1        0.0        0.0        0.0        0.0        0.0        0.0
     3000  -24522.3817 18142.0376  1600.0001   -90.0000     0.0671    -0.0671 1        0.0        0.0        0.0        0.0        0.0        0.0
     3001  -24574.4568 -26291.6934  1599.9995    90.0000     6.2589     6.2589 1        0.0        0.0        0.0        0.0        0.0        0.0
     3006  -23505.7266 22181.6499  1600.0000   -90.0000     0.0671    -0.0671 1        0.0        0.0        0.0        0.0        0.0        0.0
     3016  -22493.8066 22181.8321  1599.9999   -90.0000     0.0671    -0.0671 1        0.0        0.0        0.0        0.0        0.0        0.0
     3022  -22551.8001 -27301.1873  1600.0001    90.0000    -0.0671    -0.0671 1        0.0        0.0        0.0        0.0        0.0        0.0
     3030  -21486.6198 18142.5822  1599.9999   -90.0000     0.0671    -0.0671 1        0.0        0.0        0.0        0.0        0.0        0.0
     3039  -18507.6681 -30330.0323  1600.0002    90.0000     3.6803     3.6803 1        0.0        0.0        0.0        0.0        0.0        0.0
     3040  -16422.2836 22182.9229  1600.0002   -90.0000     0.0671    -0.0671 1        0.0        0.0        0.0        0.0        0.0        0.0
     3044  -16427.0176 18143.4909  1600.0001   -90.0000     0.0671    -0.0671 1        0.0        0.0        0.0        0.0        0.0        0.0
     3054  -15415.0963 18143.6733  1600.0002   -90.0000     0.0671    -0.0671 1        0.0        0.0        0.0        0.0        0.0        0.0
     3055  -15467.1732 -26290.0584  1599.9999    90.0000    -0.0671    -0.0671 1        0.0        0.0        0.0        0.0        0.0        0.0
     3062  -13391.2562 18144.0353  1600.0000   -90.0000     0.0671    -0.0671 1        0.0        0.0        0.0        0.0        0.0        0.0
     3078  -11362.6812 22183.8295  1599.9999   -90.0000     0.0671    -0.0671 1        0.0        0.0        0.0        0.0        0.0        0.0
     3082  -11367.4146 18144.3995  1599.9999   -90.0000     0.0671    -0.0671 1        0.0        0.0        0.0        0.0        0.0        0.0
     3093  -9396.8324 -27298.8259  1600.0001    90.0000     2.0410     2.0410 1        0.0        0.0        0.0        0.0        0.0        0.0
     3099  -6307.8142 18145.3080  1600.0000   -90.0000     3.5830    -3.5830 1        0.0        0.0        0.0        0.0        0.0        0.0
     3129  -3272.0518 18145.8533  1600.0000   -90.0000     0.0671    -0.0671 1        0.0        0.0        0.0        0.0        0.0        0.0
     3130  -3324.1265 -26287.8780  1600.0002    90.0000    -0.0671    -0.0671 1        0.0        0.0        0.0        0.0        0.0        0.0
     3139  -2260.1315 18146.0350  1599.9999   -90.0000     0.0671    -0.0671 1        0.0        0.0        0.0        0.0        0.0        0.0
     3155   3816.1247 22186.5551  1599.9998   -90.0000    -0.3221     0.3221 1        0.0        0.0        0.0        0.0        0.0        0.0
     3159   3811.3907 18147.1246  1600.0002   -90.0000    -0.4669     0.4669 1        0.0        0.0        0.0        0.0        0.0        0.0
     3169   5835.2332 18147.4888  1599.9999   -90.0000     0.0671    -0.0671 1        0.0        0.0        0.0        0.0        0.0        0.0
     3214  14942.5164 18149.1243  1600.0000   -90.0000    30.1565   -30.1565 1        0.0        0.0        0.0        0.0        0.0        0.0